0.010997533798217773,1.0,0.0,0.020800099404791883,-0.001019996142492008,3
0.010999202728271484,1.0001814736909864,0.03299760818481445,0.0207267697140483,0.014354291525103499,3
0.010999202728271484,1.0007258947639457,0.0659952163696289,0.020484296327147877,0.02973714979243091,3
0.010999202728271484,1.0016332632188778,0.09899282455444336,0.020072534474091963,0.04513776217137946,3
0.010999202728271484,1.0029035790557828,0.1319904327392578,0.019491238333135374,0.06056532021278422,3
0.010999202728271484,1.0045368422746606,0.16498804092407227,0.01874006091955982,0.07602902765091518,3
0.010999202728271484,1.0065330528755112,0.19798564910888672,0.017818553928941494,0.09153810453194278,3
0.010999202728271484,1.0088922108583347,0.23098325729370117,0.016726167535128678,0.10710179132072,3
0.010999202728271484,1.011614316223131,0.2639808654785156,0.015462250143185141,0.12272935298004775,3
0.010999202728271484,1.0146993689699002,0.2969784736633301,0.014026048097656396,0.13843008301637058,3
0.010999202728271484,1.0181473690986422,0.32997608184814453,0.012416705346536272,0.1542133074855835,3
0.010999202728271484,1.021958316609357,0.362973690032959,0.010633263061432086,0.1700883889523174,3
0.010999202728271484,1.0261322115020448,0.39597129821777344,0.00867465921446664,0.18606473039570734,3
0.010999202728271484,1.0306690537767054,0.4289689064025879,0.006539728112541443,0.20215177905423468,3
0.010999202728271484,1.0355688434333388,0.46196651458740234,0.004227199889694777,0.21835903020176686,3
0.010999202728271484,1.040831580471945,0.4949641227722168,0.0017356999583282295,0.23469603084640014,3
0.010999202728271484,1.046457264892524,0.5279617309570312,-0.0009362515797799453,0.2511723833431314,3
0.010999202728271484,1.052445896695076,0.5609593391418457,-0.0037902405616754287,0.2677977489107501,3
0.010999202728271484,1.0587974758796008,0.5939569473266602,-0.006827959429544617,0.2845818510426435,3
0.010999202728271484,1.0655120024460984,0.6269545555114746,-0.010051207933911233,0.3015344788004458,3
0.010999202728271484,1.072589476394569,0.6599521636962891,-0.013461893872360964,0.3186654899786325,3
0.010999202728271484,1.0800298977250122,0.6929497718811035,-0.017062033862306425,0.33598481412726117,3
0.010999202728271484,1.0878332664374284,0.725947380065918,-0.020853754146159975,0.3535024554190854,3
0.010999202728271484,1.0959995825318174,0.7589449882507324,-0.024839291427113164,0.37122849534621666,3
0.010999202728271484,1.1045288460081792,0.7919425964355469,-0.029020993733570588,0.38917309523037624,3
0.010999202728271484,1.113421056866514,0.8249402046203613,-0.03340132131009499,0.40734649852956084,3
0.010999202728271484,1.1226762151068215,0.8579378128051758,-0.03798284753250991,0.42575903292263667,3
0.010999202728271484,1.1322943207291019,0.8909354209899902,-0.042768259844630396,0.44442111215197583,3
0.010999202728271484,1.142275373733355,0.9239330291748047,-0.04776036071382572,0.46334323760275054,3
0.010999202728271484,1.1526193741195812,0.9569306373596191,-0.052962068602404155,0.48253599959589516,3
0.010999202728271484,1.16332632188778,0.9899282455444336,-0.05837641895152457,0.5020100783700404,3
0.010999202728271484,1.1743962170379518,1.022925853729248,-0.0640065651740902,0.5217762447259008,3
0.010999202728271484,1.1858290595700964,1.0559234619140625,-0.06985577965273171,0.541845360304659,3
0.010999202728271484,1.1976248494842139,1.088921070098877,-0.07592745473870677,0.5622283774698373,3
0.010999202728271484,1.2097835867803042,1.1219186782836914,-0.08222510374716885,0.5829363387599541,3
0.010999202728271484,1.2223052714583673,1.1549162864685059,-0.08875236194389702,0.6039803758769606,3
0.010999202728271484,1.2351899035184033,1.1879138946533203,-0.09551298751817194,0.6253717081729991,3
0.010999202728271484,1.2484374829604121,1.2209115028381348,-0.10251086253606667,0.6471216405954471,3
0.010999202728271484,1.2620480097843938,1.2539091110229492,-0.10974999386796691,0.669241561047481,3
0.010999202728271484,1.2760214839903483,1.2869067192077637,-0.1172345140836275,0.6917429371185337,3
0.010999202728271484,1.2903579055782757,1.3199043273925781,-0.12496868230758595,0.714637312136005,3
0.010999202728271484,1.3050572745481759,1.3529019355773926,-0.1329568850271765,0.7379363004864239,3
0.010999202728271484,1.320119590900049,1.385899543762207,-0.14120363684480752,0.7616515821509675,3
0.010999202728271484,1.3355448546338948,1.4188971519470215,-0.14971358116555544,0.7857948963967814,3
0.010999202728271484,1.3513330657497136,1.451894760131836,-0.158491490810436,0.8103780345619643,3
0.010999202728271484,1.3674842242475052,1.4848923683166504,-0.1675422685450294,0.8354128318683497,3
0.010999202728271484,1.3839983301272696,1.5178899765014648,-0.1768709475123864,0.8609111581923558,3
0.010999202728271484,1.4008753833890069,1.5508875846862793,-0.18648269155836994,0.8868849077201927,3
0.010999202728271484,1.418115384032717,1.5838851928710938,-0.1963827954366928,0.9133459874096236,3
0.010999202728271484,1.4357183320584,1.6168828010559082,-0.20657668488013536,0.9403063041762844,3
0.010999202728271484,1.4536842274660557,1.6498804092407227,-0.2170699165233967,0.9677777507182921,3
0.010999202728271484,1.4720130702556844,1.682878017425537,-0.2278681776621263,0.9957721898885474,3
0.010999202728271484,1.490704860427286,1.7158756256103516,-0.23897728583165057,1.0243014375197739,3
0.010999202728271484,1.5097595979808602,1.748873233795166,-0.2504031881878235,1.0533772436029727,3
0.010999202728271484,1.5291772829164074,1.7818708419799805,-0.26215196067131474,1.0830112717156501,3
0.010999202728271484,1.5489579152339275,1.814868450164795,-0.274229806935518,1.1132150765919178,3
0.010999202728271484,1.5691014949334203,1.8478660583496094,-0.28664305701701176,1.1440000797224574,3
0.010999202728271484,1.589608022014886,1.8808636665344238,-0.2993981657262812,1.1753775428684041,3
0.010999202728271484,1.6104774964783246,1.9138612747192383,-0.3125017107350776,1.2073585393695074,3
0.010999202728271484,1.631709918323736,1.9468588829040527,-0.32596039033551216,1.2399539231235932,3
0.010999202728271484,1.6533052875511203,1.9798564910888672,-0.3397810208445571,1.2731742951113862,3
0.010999202728271484,1.6752636041604774,2.0128540992736816,-0.35397053362625863,1.3070299673383226,3
0.010999202728271484,1.6975848681518073,2.045851707458496,-0.3685359717025478,1.3415309240631532,3
0.010999202728271484,1.72026907952511,2.0788493156433105,-0.383484485922049,1.3766867801820566,3
0.010999202728271484,1.7433162382803857,2.111846923828125,-0.39882333065491915,1.4125067366367532,3
0.010999202728271484,1.7667263444176342,2.1448445320129395,-0.4145598589802444,1.4489995327159073,3
0.010999202728271484,1.7904993979368555,2.177842140197754,-0.43070151733109663,1.4861733951210971,3
0.010999202728271484,1.8146353988380497,2.2108397483825684,-0.44725583956100445,1.5240359836719435,3
0.010999202728271484,1.8391343471212167,2.243837356567383,-0.4642304403941613,1.5625943335299066,3
0.010999202728271484,1.8639962427863566,2.2768349647521973,-0.4816330082205007,1.6018547938268914,3
0.010999202728271484,1.8892210858334693,2.3098325729370117,-0.4994712971954489,1.6418229625934764,3
0.010999202728271484,1.9148088762625548,2.342830181121826,-0.5177531186031534,1.6825036178924455,3
0.010999202728271484,1.9407596140736132,2.3758277893066406,-0.5364863314410031,1.7239006450767065,3
0.010999202728271484,1.9670732992666444,2.408825397491455,-0.555678832182418,1.766016960106828,3
0.010999202728271484,1.9937499318416485,2.4418230056762695,-0.5753385436742868,1.8088544288826436,3
0.010999202728271484,2.0207895117986254,2.474820613861084,-0.5954734031251001,1.852413782565952,3
0.010999202728271484,2.048192039137575,2.5078182220458984,-0.61609134913965,1.8966945288975654,3
0.010999202728271484,2.075957513858498,2.540815830230713,-0.6372003077563844,1.9416948595421895,3
0.010999202728271484,2.1040859359613933,2.5738134384155273,-0.658808177444103,1.9874115535290808,3
0.010999202728271484,2.1325773054462616,2.606811046600342,-0.6809228130155511,2.0338398768955304,3
0.010999202728271484,2.1614316223131027,2.6398086547851562,-0.7035520084169762,2.0809734786841436,3
0.010999202728271484,2.1906488865619167,2.6728062629699707,-0.7267034783545818,2.128804283493996,3
0.010999202728271484,2.2202290981927035,2.705803871154785,-0.7503848387213048,2.177322380840193,3
0.010999202728271484,2.250172257205463,2.7388014793395996,-0.7746035857905142,2.226515911636394,3
0.010999202728271484,2.2804783636001957,2.771799087524414,-0.7993670741469949,2.2763709521806037,3
0.010999202728271484,2.311147417376901,2.8047966957092285,-0.8246824933301693,2.3268713960960534,3
0.010999202728271484,2.3421794185355793,2.837794303894043,-0.8505568431699175,2.377998834756254,3
0.010999202728271484,2.3735743670762304,2.8707919120788574,-0.876996907801598,2.429732436806232,3
0.010999202728271484,2.4053322629988543,2.903789520263672,-0.9040092283541061,2.4820488274802712,3
0.010999202728271484,2.437453106303451,2.9367871284484863,-0.9316000743129966,2.534921968509845,3
0.010999202728271484,2.4699368969900206,2.969784736633301,-0.9597754135699827,2.5883230395132286,3
0.010999202728271484,2.502783635058563,3.0027823448181152,-0.9885408811804841,2.6422203218599,3
0.010999202728271484,2.5359933205090783,3.0357799530029297,-1.01790174686237,2.696579086107285,3
0.010999202728271484,2.5695659533415665,3.068777561187744,-1.047862881281715,2.7513614842135317,3
0.010999202728271484,2.6035015335560274,3.1017751693725586,-1.07842872118523,2.8065264478364855,3
0.010999202728271484,2.6378000611524612,3.134772777557373,-1.109603233453964,2.8620295941341887,3
0.010999202728271484,2.672461536130868,3.1677703857421875,-1.1413898781690812,2.917823140584182,3
0.010999202728271484,2.7074859584912474,3.200767993927002,-1.1737915707976705,2.9738558304354274,3
0.010999202728271484,2.7428733282335998,3.2337656021118164,-1.2068106436248507,3.0300728704954407,3
0.010999202728271484,2.778623645357925,3.266763210296631,-1.240448806577549,3.0864158830333888,3
0.010999202728271484,2.814736909864223,3.2997608184814453,-1.2747071076053538,3.1428228736446533,3
0.010999202728271484,2.851213121752494,3.3327584266662598,-1.3095858928043378,3.1992282169704103,3
0.010999202728271484,2.8880522810227376,3.365756034851074,-1.3450847664908374,3.2555626621938463,3
0.010999202728271484,2.925254387674954,3.3987536430358887,-1.381202551453287,3.3117533602392464,3
0.010999202728271484,2.9628194417091436,3.431751251220703,-1.4179372496313367,3.3677239145777915,3
0.010999202728271484,3.000747443125306,3.4647488594055176,-1.4552860034921555,3.4233944574910584,3
0.010999202728271484,3.000747443125306,0.0,-1.493235742288411,3.4770908180040943,3
0.010999202728271484,3.000747443125306,0.0,-1.5317770449868804,3.5309467314108547,3
0.010999202728271484,3.000747443125306,0.0,-1.5709112403383192,3.5848840620876903,3
0.010999202728271484,3.000747443125306,0.0,-1.6106387764965633,3.6388208330338268,3
0.010999202728271484,3.000747443125306,0.0,-1.65095917906778,3.692671285350001,3
0.010999202728271484,3.000747443125306,0.0,-1.6918710099737955,3.7463459671336605,3
0.010999202728271484,3.000747443125306,0.0,-1.7333718274643624,3.7997518538185764,3
0.010999202728271484,3.000747443125306,0.0,-1.7754581476346805,3.8527925018320226,3
0.010999202728271484,3.000747443125306,0.0,-1.8181254078240152,3.9053682372394722,3
0.010999202728271484,3.000747443125306,0.0,-1.86136793228833,3.957376380792607,3
0.010999202728271484,3.000747443125306,0.0,-1.905178900553699,4.008711510489556,3
0.010999202728271484,3.000747443125306,0.0,-1.9495503188675873,4.059265762395963,3
0.010999202728271484,3.000747443125306,0.0,-1.9944729951710998,4.108929170062367,3
0.010999202728271484,3.000747443125306,0.0,-2.039936518016447,4.157590042409411,3
0.010999202728271484,3.000747443125306,0.0,-2.0859292398496962,4.2051353794411215,3
0.010999202728271484,3.000747443125306,0.0,-2.132438265068885,4.251451324593141,3
0.010999202728271484,3.000747443125306,0.0,-2.1794494432511677,4.296423651934444,3
0.010999202728271484,3.000747443125306,0.0,-2.2269473679197493,4.339938285826326,3
0.010999202728271484,3.000747443125306,0.0,-2.2749153811915765,4.381881850012082,3
0.010999202728271484,3.000747443125306,0.0,-2.3233355846098864,4.422142242476701,3
0.010999202728271484,3.000747443125306,0.0,-2.372188856422112,4.460609231791895,3
0.010999202728271484,3.000747443125306,0.0,-2.4214548755130907,4.497175070062454,3
0.010999202728271484,3.000747443125306,0.0,-2.471112152146761,4.531735117030965,3
0.010999202728271484,3.000747443125306,0.0,-2.5211380656067903,4.564188469395232,3
0.010999202728271484,3.000747443125306,0.0,-2.5715089087587573,4.594438588962172,3
0.010999202728271484,3.000747443125306,0.0,-2.622199939484416,4.622393922918849,3
0.010999202728271484,3.000747443125306,0.0,-2.673185438863222,4.6479685092595115,3
0.010999202728271484,3.000747443125306,0.0,-2.7244387758988933,4.671082560279416,3
0.010999202728271484,3.000747443125306,0.0,-2.7759324785107435,4.691663017041718,3
0.010999202728271484,3.000747443125306,0.0,-2.8276383104319778,4.7096440678498395,3
0.010999202728271484,3.000747443125306,0.0,-2.8795273535818624,4.724967624018354,3
0.010999202728271484,3.000747443125306,0.0,-2.9315700954069777,4.7375837466306825,3
0.010999202728271484,3.000747443125306,0.0,-2.9837365206200688,4.747451018498287,3
0.010999202728271484,3.000747443125306,0.0,-3.035996206704875,4.75453685618594,3
0.010999202728271484,3.000747443125306,0.0,-3.0883184225029354,4.758817757729882,3
0.010999202728271484,3.000747443125306,0.0,-3.140672229154879,4.760279482535384,3
0.010999202728271484,3.000747443125306,0.0,-3.1930265826351936,4.758917160879396,-3
0.010999202728271484,3.000747443125306,0.0,-3.2453504370966084,4.754735331442046,-3
0.010999202728271484,3.000747443125306,0.0,-3.2976128482284914,4.747747906325122,-3
0.010999202728271484,3.000747443125306,0.0,-3.3497830758335483,4.737978064062614,-3
0.010999202728271484,3.000747443125306,0.0,-3.401830684838315,4.725458072163625,-3
0.010999202728271484,3.000747443125306,0.0,-3.4537256439754267,4.71022904172767,-3
0.010999202728271484,3.000747443125306,0.0,-3.505438421408867,4.692340617614065,-3
0.010999202728271484,3.000747443125306,0.0,-3.556940076616478,4.671850608509841,-3
0.010999202728271484,3.000747443125306,0.0,-3.608202347896102,4.6488245620066095,-3
0.010999202728271484,3.000747443125306,0.0,-3.6591977349216998,4.623335290450877,-3
0.010999202728271484,3.000747443125306,0.0,-3.7098995758421744,4.595462353863147,-3
0.010999202728271484,3.000747443125306,0.0,-3.7602821184871638,4.5652915066211435,-3
0.010999202728271484,3.000747443125306,0.0,-3.810320585319437,4.53291411486785,-3
0.010999202728271484,3.000747443125306,0.0,-3.859991231850723,4.4984265517359265,-3
0.010999202728271484,3.000747443125306,0.0,-3.909271398316115,4.4619295774799985,-3
0.010999202728271484,3.000747443125306,0.0,-3.958139554479479,4.423527711484462,-3
0.010999202728271484,3.000747443125306,0.0,-4.006575337517807,4.383328602876468,-3
0.010999202728271484,3.000747443125306,0.0,-4.054559583004663,4.341442406133959,-3
0.010999202728271484,3.000747443125306,0.0,-4.102074349080851,4.297981167650876,-3
0.010999202728271484,3.000747443125306,0.0,-4.1491029339633965,4.253058228721292,-3
0.010999202728271484,3.000747443125306,0.0,-4.195629887000889,4.20678764984687,-3
0.010999202728271484,3.000747443125306,0.0,-4.241641013533984,4.159283660674026,-3
0.010999202728271484,3.000747443125306,0.0,-4.287123373863809,4.11066013924359,-3
0.010999202728271484,3.000747443125306,0.0,-4.3320652766680094,4.0610301236019914,-3
0.010999202728271484,3.000747443125306,0.0,-4.376456267234294,4.01050535819209,-3
0.010999202728271484,3.000747443125306,0.0,-4.42028711090442,3.959195876826434,-3
0.010999202728271484,3.000747443125306,0.0,-4.463549772138274,3.9072096234561897,-3
0.010999202728271484,3.000747443125306,0.0,-4.506237389617818,3.8546521113943255,-3
0.010999202728271484,3.000747443125306,0.0,-4.548344247815136,3.8016261211387548,-3
0.010999202728271484,3.000747443125306,0.0,-4.589865745447792,3.748231436475438,-3
0.010999202728271484,3.000747443125306,0.0,-4.630798361238865,3.694564618126503,-3
0.010999202728271484,3.000747443125306,0.0,-4.6711396173888655,3.64071881384624,-3
0.010999202728271484,3.000747443125306,0.0,-4.710888041153005,3.5867836035590908,-3
0.010999202728271484,3.000747443125306,0.0,1.5331368750997227,3.5328448778777357,-3
0.010999202728271484,3.000747443125306,0.0,1.494574714988563,3.478984748134451,-3
0.010999202728271484,3.000747443125306,0.0,1.4566041800485379,3.425281485902534,-3
0.010999202728271484,3.000747443125306,0.0,1.4192231321707633,3.3718094898734594,-3
0.010999202728271484,3.000747443125306,0.0,1.3824286362667526,3.318639277885822,-3
0.010999202728271484,3.000747443125306,0.0,1.3462170028923288,3.2658375018700028,-3
0.010999202728271484,3.000747443125306,0.0,1.3105838305913955,3.2134669834735403,-3
0.010999202728271484,3.000747443125306,0.0,1.275524047744263,3.16158676816209,-3
0.010999202728271484,3.000747443125306,0.0,1.2410319537292147,3.1102521956453595,-3
0.010999202728271484,3.000747443125306,0.0,1.207101259229209,3.0595149845523544,-3
0.010999202728271484,3.000747443125306,0.0,1.173725125538041,3.0094233293717645,-3
0.010999202728271484,3.000747443125306,0.0,1.1408962027414309,2.9600220077777197,-3
0.010999202728271484,3.000747443125306,0.0,1.1086066666686807,2.911352496575085,-3
0.010999202728271484,3.000747443125306,0.0,1.076848254529223,2.863453094618939,-3
0.010999202728271484,3.000747443125306,0.0,1.0456122991658385,2.8163590511872543,-3
0.010999202728271484,3.000747443125306,0.0,1.014889761872348,2.770102698411658,-3
0.010999202728271484,3.000747443125306,0.0,0.9846712637382367,2.724713586496589,-3
0.010999202728271484,3.000747443125306,0.0,0.9549471154959597,2.680218620580429,-3
0.010999202728271484,3.000747443125306,0.0,0.9257073458586231,2.6366421982118893,-3
0.010999202728271484,3.000747443125306,0.0,0.8969417283463827,2.5940063465300414,-3
0.010999202728271484,3.000747443125306,0.0,0.868639806609329,2.552330858345909,-3
0.010999202728271484,3.000747443125306,0.0,0.8407909182628877,2.5116334264269793,-3
0.010999202728271484,3.000747443125306,0.0,0.8133842172588772,2.471929775382759,-3
0.010999202728271484,3.000747443125306,0.0,0.7864086948215054,2.433233790639507,-3
0.010999202728271484,3.000747443125306,0.0,0.759853198982777,2.3955576440751987,-3
0.010999202728271484,3.000747443125306,0.0,0.733706452756024,2.3589119159617757,-3
0.010999202728271484,3.000747443125306,0.0,0.7079570709898149,2.3233057129308223,-3
0.010999202728271484,3.000747443125306,0.0,0.6825935759472483,2.288746781741223,-3
0.010999202728271484,3.000747443125306,0.0,0.6576044116577582,2.255241618683284,-3
0.010999202728271484,3.000747443125306,0.0,0.6329779570901226,2.2227955745036123,-3
0.010999202728271484,3.000747443125306,0.0,0.6087025381963431,2.191412954779038,-3
0.010999202728271484,3.000747443125306,0.0,0.5847664388767169,2.1610971157063763,-3
0.010999202728271484,3.000747443125306,0.0,0.5611579109164935,2.1318505553082776,-3
0.010999202728271484,3.000747443125306,0.0,0.5378651829444521,2.1036750000841486,-3
0.010999202728271484,3.000747443125306,0.0,0.5148764684631817,2.0765714871595278,-3
0.010999202728271484,3.000747443125306,0.0,0.49217997300022587,2.050540442007741,-3
0.010999202728271484,3.000747443125306,0.0,0.4697639004282821,2.025581751834496,-3
0.010999202728271484,3.000747443125306,0.0,0.4476164585016176,2.0016948347296455,-3
0.010999202728271484,3.000747443125306,0.0,0.42572586365461396,1.9788787047009977,-3
0.010999202728271484,3.000747443125306,0.0,0.4040803451070949,1.9571320327130293,-3
0.010999202728271484,3.000747443125306,0.0,0.3826681483196377,1.9364532038590474,-3
0.010999202728271484,3.000747443125306,0.0,0.36147753784071623,1.916840370798897,-3
0.010999202728271484,3.000747443125306,0.0,0.3404967995859898,1.898291503596074,-3
0.010999202728271484,3.000747443125306,0.0,0.31971424258859704,1.8808044360882175,-3
0.010999202728271484,3.000747443125306,0.0,0.2991182002578898,1.8643769089236908,-3
0.010999202728271484,3.000747443125306,0.0,0.27869703118250966,1.8490066093944568,-3
0.010999202728271484,3.000747443125306,0.0,0.25843911951238985,1.8346912081918787,-3
0.010999202728271484,3.000747443125306,0.0,0.23833287495282596,1.821428393207633,-3
0.010999202728271484,3.000747443125306,0.0,0.21836673240246762,1.8092159004966508,-3
0.010999202728271484,3.000747443125306,0.0,0.19852915126585424,1.798051542513111,-3
0.010999202728271484,3.000747443125306,0.0,0.1788086144698693,1.787933233724032,-3
0.010999202728271484,3.000747443125306,0.0,0.15919362721245855,1.7788590136980846,-3
0.010999202728271484,3.000747443125306,0.0,0.13967271547083948,1.7708270677599154,-3
0.010999202728271484,3.000747443125306,0.0,0.12023442429554843,1.7638357452926297,-3
0.010999202728271484,3.000747443125306,0.0,0.1008673159157536,1.7578835757631681,-3
0.010999202728271484,3.000747443125306,0.0,0.08155996768052232,1.7529692825371834,-3
0.010999202728271484,3.000747443125306,0.0,0.06230096986001277,1.7490917945417355,-3
0.010999202728271484,3.000747443125306,0.0,0.043078923329993746,1.7462502558256683,-1.5096186539313976
0.010999202728271484,3.000747443125306,0.0,0.023882437162577208,1.7444440330590065,0.3968278939194434
0.010999202728271484,3.000747443125306,0.0,0.004700126145644301,1.7436727210040703,2.28896519727353
0.010999202728271484,3.000747443125306,0.0,-0.014479391746868853,1.7439361459823273,3
0.010999202728271484,3.000747443125306,0.0,-0.033667497911870736,1.7452343673522714,3
0.010999202728271484,3.000747443125306,0.0,-0.05287557567936352,1.7475676770048576,3
0.010999202728271484,3.000747443125306,0.0,-0.07211501285822886,1.7509365968742663,3
0.010999202728271484,3.000747443125306,0.0,-0.09139720424367725,1.7553418744529994,3
0.010999202728271484,3.000747443125306,0.0,-0.11073355406430574,1.7607844762915748,3
0.010999202728271484,3.000747443125306,0.0,-0.1301354783464448,1.7672655794543701,3
0.010999202728271484,3.000747443125306,0.0,-0.14961440717312202,1.774786560894512,3
0.010999202728271484,3.000747443125306,0.0,-0.16918178681449492,1.7833489847021218,3
0.010999202728271484,3.000747443125306,0.0,-0.18884908170611725,1.792954587171727,3
0.010999202728271484,3.000747443125306,0.0,-0.2086277762506321,1.8036052596262921,3
0.010999202728271484,3.000747443125306,0.0,-0.2285293764179337,1.8153030289270882,3
0.010999202728271484,3.000747443125306,0.0,-0.24856541111782926,1.828050035590617,3
0.010999202728271484,3.000747443125306,0.0,-0.26874743331848316,1.8418485094260075,3
0.010999202728271484,3.000747443125306,0.0,-0.2890870208827949,1.856700742598819,3
0.010999202728271484,3.000747443125306,0.0,-0.30959577709391484,1.8726090600200513,3
0.010999202728271484,3.000747443125306,0.0,-0.3302853308398288,1.8895757869524519,3
0.010999202728271484,3.000747443125306,0.0,-0.35116733642585674,1.9076032137200194,3
0.010999202728271484,3.000747443125306,0.0,-0.3722534729824436,1.9266935574010158,3
0.010999202728271484,3.000747443125306,0.0,-0.39355544343451365,1.946848920379933,3
0.010999202728271484,3.000747443125306,0.0,-0.41508497299701164,1.9680712456298353,3
0.010999202728271484,3.000747443125306,0.0,-0.43685380716002387,1.9903622685934617,3
0.010999202728271484,3.000747443125306,0.0,-0.4588737091253283,2.013723465529568,3
0.010999202728271484,3.000747443125306,0.0,-0.48115645665469176,2.0381559981904034,3
0.010999202728271484,3.000747443125306,0.0,-0.503713838288935,2.0636606546971445,3
0.010999202728271484,3.000747443125306,0.0,-0.5265576488950985,2.0902377864827533,3
0.010999202728271484,3.000747443125306,0.0,-0.5496996844978921,2.117887241176343,3
0.010999202728271484,3.000747443125306,0.0,-0.5731517363499905,2.1466082913099243,3
0.010999202728271484,3.000747443125306,0.0,-0.596925584194715,2.1763995587377596,3
0.010999202728271484,3.000747443125306,0.0,-0.6210329886733459,2.207258934670593,3
0.010999202728271484,3.000747443125306,0.0,-0.6454856828283746,2.239183495242252,3
0.010999202728271484,3.000747443125306,0.0,-0.6702953626531571,2.272169412544725,3
0.010999202728271484,3.000747443125306,0.0,-0.6954736766379459,2.306211861090237,3
0.010999202728271484,3.000747443125306,0.0,-0.7210322142618115,2.3413049196854203,3
0.010999202728271484,3.000747443125306,0.0,-0.7469824933800973,2.377441468733729,3
0.010999202728271484,3.000747443125306,0.0,-0.7733359464573657,2.414613083018264,3
0.010999202728271484,3.000747443125306,0.0,-0.8001039055965866,2.4528099200584252,3
0.010999202728271484,3.000747443125306,0.0,-0.8272975863166168,2.492020604180695,3
0.010999202728271484,3.000747443125306,0.0,-0.8549280700318538,2.532232106496764,3
0.010999202728271484,3.000747443125306,0.0,-0.8830062851903411,2.5734296210414063,3
0.010999202728271484,3.000747443125306,0.0,-0.9115429870298333,2.6155964373882887,3
0.010999202728271484,3.000747443125306,0.0,-0.940548735915089,2.6587138101344805,3
0.010999202728271484,3.000747443125306,0.0,-0.9700338742245109,2.70276082572396,3
0.010999202728271484,3.000747443125306,0.0,-1.0000085017598601,2.747714267166948,3
0.010999202728271484,3.000747443125306,0.0,-1.030482449659305,2.7935484773053703,3
0.010999202728271484,3.000747443125306,0.0,-1.061465252801947,2.84023522137495,3
0.010999202728271484,3.000747443125306,0.0,-1.0929661207006256,2.8877435497210606,3
0.010999202728271484,3.000747443125306,0.0,-1.124993906889975,2.9360396616379107,3
0.010999202728271484,3.000747443125306,0.0,-1.1575570768279086,2.9850867714182168,3
0.010999202728271484,3.000747443125306,0.0,-1.190663674341446,3.0348449778221833,3
0.010999202728271484,3.000747443125306,0.0,-1.2243212866616173,3.0852711382991695,3
0.010999202728271484,3.000747443125306,0.0,-1.2585370081077305,3.1363187494213136,3
0.010999202728271484,3.000747443125306,0.0,-1.2933174024978649,3.1879378351137575,3
0.010999202728271484,3.000747443125306,0.0,-1.3286684643806557,3.2400748443887966,3
0.010999202728271484,3.000747443125306,0.0,-1.3645955792028137,3.292672560408821,3
0.010999202728271484,3.000747443125306,0.0,-1.4011034825475766,3.345670022812356,3
0.010999202728271484,3.000747443125306,0.0,-1.438196218601004,3.3990024653358004,3
0.010999202728271484,3.000747443125306,0.0,-1.4758770980259919,3.4526012708469946,3
0.010999202728271484,3.000747443125306,0.0,-1.5141486554474235,3.5063939459717934,3
0.010999202728271484,3.000747443125306,0.0,-1.553012606776195,3.5603041175373207,3
0.010999202728271484,3.000747443125306,0.0,-1.5924698066243672,3.6142515530713513,3
0.010999202728271484,3.000747443125306,0.0,-1.6325202060883375,3.668152207581921,3
0.010999202728271484,3.000747443125306,0.0,-1.6731628112010761,3.721918298790635,3
0.010999202728271484,3.000747443125306,0.0,-1.7143956423779945,3.7754584129028377,3
0.010999202728271484,3.000747443125306,0.0,-1.7562156952031303,3.828677642864125,3
0.010999202728271484,3.000747443125306,0.0,-1.7986189029229487,3.881477760871903,3
0.010999202728271484,3.000747443125306,0.0,-1.8416001010331908,3.9337574266800543,3
0.010999202728271484,3.000747443125306,0.0,-1.8851529943596685,3.9854124329520513,3
0.010999202728271484,3.000747443125306,0.0,-1.9292701270458843,4.036335988581905,3
0.010999202728271484,3.000747443125306,0.0,-1.9739428558683731,4.086419040513121,3
0.010999202728271484,3.000747443125306,0.0,-2.0191613273041864,4.135550634144684,3
0.010999202728271484,3.000747443125306,0.0,-2.064914458773116,4.183618311922827,3
0.010999202728271484,3.000747443125306,0.0,-2.111189924470095,4.230508549182421,3
0.010999202728271484,3.000747443125306,0.0,-2.1579741461897126,4.2761072257283725,3
0.010999202728271484,3.000747443125306,0.0,-2.205252289524863,4.32030013104359,3
0.010999202728271484,3.000747443125306,0.0,-2.2530082657949397,4.362973500385297,3
0.010999202728271484,3.000747443125306,0.0,-2.301224740025351,4.404014578397596,3
0.010999202728271484,3.000747443125306,0.0,-2.349883145259556,4.443312206237691,3
0.010999202728271484,3.000747443125306,0.0,-2.3989637034374067,4.4807574276008415,3
0.010999202728271484,3.000747443125306,0.0,-2.4484454530196484,4.516244108449685,3
0.010999202728271484,3.000747443125306,0.0,-2.4983062834782417,4.549669564723337,3
0.010999202728271484,3.000747443125306,0.0,-2.5485229767066575,4.580935191836276,3
0.010999202728271484,3.000747443125306,0.0,-2.599071255333952,4.609947089392215,3
0.010999202728271484,3.000747443125306,0.0,-2.6499258378524915,4.6366166742486135,3
0.010999202728271484,3.000747443125306,0.0,-2.701060500392505,4.660861274886155,3
0.010999202728271484,3.000747443125306,0.0,-2.7524481448988127,4.6826046999757,3
0.010999202728271484,3.000747443125306,0.0,-2.80406087338702,4.7017777741011075,3
0.010999202728271484,3.000747443125306,0.0,-2.8558700678800713,4.718318833795451,3
0.010999202728271484,3.000747443125306,0.0,-2.9078464755524682,4.732174177382268,3
0.010999202728271484,3.000747443125306,0.0,-2.9599602985403632,4.743298462580847,3
0.010999202728271484,3.000747443125306,0.0,-3.0121812878124072,4.751655046429306,3
0.010999202728271484,3.000747443125306,0.0,-3.064478840440151,4.757216262791954,3
0.010999202728271484,3.000747443125306,0.0,-3.116822099559187,4.75996363353473,3
0.010999202728271484,3.000747443125306,0.0,-3.1691800562739965,4.759888010357902,-3
0.010999202728271484,3.000747443125306,0.0,-3.221521652731671,4.756989645249151,-3
0.010999202728271484,3.000747443125306,0.0,-3.273815885572857,4.7512781885408755,-3
0.010999202728271484,3.000747443125306,0.0,-3.3260319089628614,4.742772614599791,-3
0.010999202728271484,3.000747443125306,0.0,-3.378139136411838,4.731501076220434,-3
0.010999202728271484,3.000747443125306,0.0,-3.4301073406104607,4.717500689812992,-3
0.010999202728271484,3.000747443125306,0.0,-3.4819067505358903,4.7008172544466875,-3
0.010999202728271484,3.000747443125306,0.0,-3.53350814512144,4.681504908711076,-3
0.010999202728271484,3.000747443125306,0.0,-3.5848829428316127,4.65962573016971,-3
0.010999202728271484,3.000747443125306,0.0,-3.6360032865406002,4.635249282887376,-3
0.010999202728271484,3.000747443125306,0.0,-3.686842123175984,4.608452119100191,-3
0.010999202728271484,3.000747443125306,0.0,-3.7373732776588384,4.579317241558268,-3
0.010999202728271484,3.000747443125306,0.0,-3.7875715207450935,4.54793353339745,-3
0.010999202728271484,3.000747443125306,0.0,-3.8374126304496667,4.514395162588631,-3
0.010999202728271484,3.000747443125306,0.0,-3.886873446812857,4.478800968072025,-3
0.010999202728271484,3.000747443125306,0.0,-3.9359319198463507,4.441253834615235,-3
0.010999202728271484,3.000747443125306,0.0,-3.9845671505727016,4.401860063246657,-3
0.010999202728271484,3.000747443125306,0.0,-4.032759425146033,4.360728743820664,-3
0.010999202728271484,3.000747443125306,0.0,-4.080490242111676,4.31797113588155,-3
0.010999202728271484,3.000747443125306,0.0,-4.127742332927847,4.2737000635239655,-3
0.010999202728271484,3.000747443125306,0.0,-4.174499675932191,4.228029329414214,-3
0.010999202728271484,3.000747443125306,0.0,-4.22074750398974,4.181073152555334,-3
0.010999202728271484,3.000747443125306,0.0,-4.266472306105808,4.132945633765021,-3
0.010999202728271484,3.000747443125306,0.0,-4.311661823327592,4.08376025220461,-3
0.010999202728271484,3.000747443125306,0.0,-4.356305039291474,4.033629395663455,-3
0.010999202728271484,3.000747443125306,0.0,-4.400392165799284,3.982663926679237,-3
0.010999202728271484,3.000747443125306,0.0,-4.443914623826368,3.930972785972243,-3
0.010999202728271484,3.000747443125306,0.0,-4.486865020377383,3.8786626341000936,-3
0.010999202728271484,3.000747443125306,0.0,-4.529237121612706,3.825837531706737,-3
0.010999202728271484,3.000747443125306,0.0,-4.571025822669782,3.772598658251778,-3
0.010999202728271484,3.000747443125306,0.0,-4.612227114599998,3.719044068667807,-3
0.010999202728271484,3.000747443125306,0.0,-4.652838048833425,3.665268487006983,-3
0.010999202728271484,3.000747443125306,0.0,-4.692856699571536,3.611363135805056,-3
0.010999202728271484,3.000747443125306,0.0,1.550897875507482,3.5574155996111223,-3
0.010999202728271484,3.000747443125306,0.0,1.5120656758646809,3.503509720903458,-3
0.010999202728271484,3.000747443125306,0.0,1.4738257996919564,3.449725526433661,-3
0.010999202728271484,3.000747443125306,0.0,1.436176486156009,3.3961391819100086,-3
0.010999202728271484,3.000747443125306,0.0,1.3991151579948453,3.34282297284291,-3
0.010999202728271484,3.000747443125306,0.0,1.3626384641913218,3.2898453093266413,-3
0.010999202728271484,3.000747443125306,0.0,1.3267423224727053,3.2372707525180373,-3
0.010999202728271484,3.000747443125306,0.0,1.291421961409902,3.185160060590094,-3
0.010999202728271484,3.000747443125306,0.0,1.2566719619141415,3.133570251982252,-3
0.010999202728271484,3.000747443125306,0.0,1.2224862979525741,3.0825546838352627,-3
0.010999202728271484,3.000747443125306,0.0,1.1888583763269778,3.0321631435829812,-3
0.010999202728271484,3.000747443125306,0.0,1.155781075381586,2.9824419517723593,-3
0.010999202728271484,3.000747443125306,0.0,1.1232467825266244,2.9334340742929106,-3
0.010999202728271484,3.000747443125306,0.0,1.0912474304835196,2.8851792423147717,-3
0.010999202728271484,3.000747443125306,0.0,1.0597745321758025,2.837714078357392,-3
0.010999202728271484,3.000747443125306,0.0,1.0288192142063504,2.7910722270363175,-3
0.010999202728271484,3.000747443125306,0.0,0.9983722488769664,2.745284489161426,-3
0.010999202728271484,3.000747443125306,0.0,0.9684240847200978,2.7003789579843644,-3
0.010999202728271484,3.000747443125306,0.0,0.9389648755251527,2.6563811565144784,-3
0.010999202728271484,3.000747443125306,0.0,0.909984507853046,2.61331417493979,-3
0.010999202728271484,3.000747443125306,0.0,0.881472627042601,2.571198807301785,-3
0.010999202728271484,3.000747443125306,0.0,0.8534186617212138,2.5300536866790084,-3
0.010999202728271484,3.000747443125306,0.0,0.8258118468398012,2.4898954182343784,-3
0.010999202728271484,3.000747443125306,0.0,0.7986412452586769,2.450738709574166,-3
0.010999202728271484,3.000747443125306,0.0,0.771895767916511,2.4125964979528156,-3
0.010999202728271484,3.000747443125306,0.0,0.745564192619335,2.375480073936873,-3
0.010999202728271484,3.000747443125306,0.0,0.719635181490252,2.3393992012135385,-3
0.010999202728271484,3.000747443125306,0.0,0.6940972971237431,2.304362232294775,-3
0.010999202728271484,3.000747443125306,0.0,0.6689390174907959,2.270376219926754,-3
0.010999202728271484,3.000747443125306,0.0,0.6441487496428713,2.2374470240669826,-3
0.010999202728271484,3.000747443125306,0.0,0.6197148422640324,2.205579414338054,-3
0.010999202728271484,3.000747443125306,0.0,0.5956255971212996,2.1747771679079144,-3
0.010999202728271484,3.000747443125306,0.0,0.5718692794636104,2.1450431627822697,-3
0.010999202728271484,3.000747443125306,0.0,0.5484341274198186,2.116379466525582,-3
0.010999202728271484,3.000747443125306,0.0,0.5253083604457855,2.0887874204534276,-3
0.010999202728271484,3.000747443125306,0.0,0.5024801868700481,2.062267719361211,-3
0.010999202728271484,3.000747443125306,0.0,0.4799378105866974,2.0368204868726276,-3
0.010999202728271484,3.000747443125306,0.0,0.4576694369431169,2.01244534650633,-3
0.010999202728271484,3.000747443125306,0.0,0.43566327786912273,1.9891414885711465,-3
0.010999202728271484,3.000747443125306,0.0,0.4139075562926702,1.9669077330093971,-3
0.010999202728271484,3.000747443125306,0.0,0.39239050988606605,1.9457425883145234,-3
0.010999202728271484,3.000747443125306,0.0,0.3711003941851163,1.9256443066537574,-3
0.010999202728271484,3.000747443125306,0.0,0.35002548512222154,1.9066109353290992,-3
0.010999202728271484,3.000747443125306,0.0,0.3291540810129727,1.8886403647107093,-3
0.010999202728271484,3.000747443125306,0.0,0.30847450403430754,1.8717303727761676,-3
0.010999202728271484,3.000747443125306,0.0,0.2879751012308218,1.8558786663870812,-3
0.010999202728271484,3.000747443125306,0.0,0.26764424508442763,1.8410829194314264,-3
0.010999202728271484,3.000747443125306,0.0,0.247470333681155,1.8273408079559377,-3
0.010999202728271484,3.000747443125306,0.0,0.2274417905074979,1.8146500424079521,-3
0.010999202728271484,3.000747443125306,0.0,0.20754706390752586,1.8030083971004907,-3
0.010999202728271484,3.000747443125306,0.0,0.18777462623065722,1.7924137370081383,-3
0.010999202728271484,3.000747443125306,0.0,0.16811297269893144,1.7828640419945538,-3
0.010999202728271484,3.000747443125306,0.0,0.14855062002147745,1.7743574285652814,-3
0.010999202728271484,3.000747443125306,0.0,0.1290761047829334,1.7668921692320332,-3
0.010999202728271484,3.000747443125306,0.0,0.10967798163163023,1.7604667095668083,-3
0.010999202728271484,3.000747443125306,0.0,0.09034482129260679,1.7550796830161877,-3
0.010999202728271484,3.000747443125306,0.0,0.07106520842968456,1.7507299235379141,-3
0.010999202728271484,3.000747443125306,0.0,0.05182773938027507,1.7474164761134867,-2.3827510398463474
0.010999202728271484,3.000747443125306,0.0,0.0326210197860326,1.7451386051820095,-0.46942994030316143
0.010999202728271484,3.000747443125306,0.0,0.013433662142011027,1.743895801031931,1.4290951007589037
0.010999202728271484,3.000747443125306,0.0,-0.005745716713411841,1.7436877841786609,3
0.010999202728271484,3.000747443125306,0.0,-0.024928498145735833,1.74451450774733,3
0.010999202728271484,3.000747443125306,0.0,-0.04412606428687171,1.7463761578712178,3
0.010999202728271484,3.000747443125306,0.0,-0.06334980059113038,1.7492731521076124,3
0.010999202728271484,3.000747443125306,0.0,-0.08261109836285963,1.753206135864099,3
0.010999202728271484,3.000747443125306,0.0,-0.10192135723377271,1.7581759768195182,3
0.010999202728271484,3.000747443125306,0.0,-0.12129198756775894,1.764183757315116,3
0.010999202728271484,3.000747443125306,0.0,-0.14073441277071064,1.7712307646827115,3
0.010999202728271484,3.000747443125306,0.0,-0.1602600714824125,1.7793184794680998,3
0.010999202728271484,3.000747443125306,0.0,-0.17988041962712176,1.788448561499356,3
0.010999202728271484,3.000747443125306,0.0,-0.19960693229876592,1.7986228337412848,3
0.010999202728271484,3.000747443125306,0.0,-0.2194511054560846,1.8098432638689672,3
0.010999202728271484,3.000747443125306,0.0,-0.23942445740222462,1.822111943485237,3
0.010999202728271484,3.000747443125306,0.0,-0.2595385300223705,1.8354310648990277,3
0.010999202728271484,3.000747443125306,0.0,-0.279804889752175,1.8498028953738894,3
0.010999202728271484,3.000747443125306,0.0,-0.3002351282485365,1.8652297487486857,3
0.010999202728271484,3.000747443125306,0.0,-0.3208408627333488,1.8817139543255488,3
0.010999202728271484,3.000747443125306,0.0,-0.34163373597944835,1.8992578229137553,3
0.010999202728271484,3.000747443125306,0.0,-0.3626254159069391,1.9178636099122885,3
0.010999202728271484,3.000747443125306,0.0,-0.3838275947566019,1.937533475308658,3
0.010999202728271484,3.000747443125306,0.0,-0.4052519878057468,1.958269440467121,3
0.010999202728271484,3.000747443125306,0.0,-0.42691033159056824,1.9800733415759375,3
0.010999202728271484,3.000747443125306,0.0,-0.4488143815974319,2.002946779620852,3
0.010999202728271484,3.000747443125306,0.0,-0.47097590938422984,2.026891066750798,3
0.010999202728271484,3.000747443125306,0.0,-0.4934066990912993,2.0519071689020167,3
0.010999202728271484,3.000747443125306,0.0,-0.5161185433001063,2.0779956445486216,3
0.010999202728271484,3.000747443125306,0.0,-0.5391232381963182,2.1051565794513443,3
0.010999202728271484,3.000747443125306,0.0,-0.5624325779925976,2.133389517281927,3
0.010999202728271484,3.000747443125306,0.0,-0.5860583485651234,2.162693386008828,3
0.010999202728271484,3.000747443125306,0.0,-0.6100123202565819,2.19306641994063,3
0.010999202728271484,3.000747443125306,0.0,-0.634306239797445,2.224506077337318,3
0.010999202728271484,3.000747443125306,0.0,-0.6589518212962795,2.25700895351661,3
0.010999202728271484,3.000747443125306,0.0,-0.6839607362492939,2.290570689403136,3
0.010999202728271484,3.000747443125306,0.0,-0.7093446025187924,2.3251858754929366,3
0.010999202728271484,3.000747443125306,0.0,-0.7351149722300812,2.3608479512346863,3
0.010999202728271484,3.000747443125306,0.0,-0.7612833185366079,2.3975490998627658,3
0.010999202728271484,3.000747443125306,0.0,-0.7878610212036379,2.4352801387561387,3
0.010999202728271484,3.000747443125306,0.0,-0.8148593509618896,2.4740304054412277,3
0.010999202728271484,3.000747443125306,0.0,-0.8422894525840836,2.5137876394071634,3
0.010999202728271484,3.000747443125306,0.0,-0.8701623266395218,2.554537859958014,3
0.010999202728271484,3.000747443125306,0.0,-0.898488809884642,2.5962652403893927,3
0.010999202728271484,3.000747443125306,0.0,-0.9272795542509837,2.6389519788462787,3
0.010999202728271484,3.000747443125306,0.0,-0.9565450043964341,2.682578166295251,3
0.010999202728271484,3.000747443125306,0.0,-0.986295373790679,2.727121652127668,3
0.010999202728271484,3.000747443125306,0.0,-1.016540619312169,2.7725579080006573,3
0.010999202728271484,3.000747443125306,0.0,-1.0472904143409,2.818859890619935,3
0.010999202728271484,3.000747443125306,0.0,-1.0785541203397586,2.8659979042722594,3
0.010999202728271484,3.000747443125306,0.0,-1.1103407569266381,2.913939464025163,3
0.010999202728271484,3.000747443125306,0.0,-1.1426589704501962,2.9626491606269663,3
0.010999202728271484,3.000747443125306,0.0,-1.1755170010942213,3.012088528260034,3
0.010999202728271484,3.000747443125306,0.0,-1.2089226485488838,3.062215916423627,3
0.010999202728271484,3.000747443125306,0.0,-1.2428832363018736,3.1129863673482143,3
0.010999202728271484,3.000747443125306,0.0,-1.2774055746186002,3.1643515004689498,3
0.010999202728271484,3.000747443125306,0.0,-1.312495922298011,3.2162594056102334,3
0.010999202728271484,3.000747443125306,0.0,-1.348159947309544,3.26865454665349,3
0.010999202728271484,3.000747443125306,0.0,-1.384402686436744,3.321477677573785,3
0.010999202728271484,3.000747443125306,0.0,-1.4212285040744619,3.3746657728347222,3
0.010999202728271484,3.000747443125306,0.0,-1.4586410503489362,3.4281519742217337,3
0.010999202728271484,3.000747443125306,0.0,-1.4966432187533578,3.481865556267863,3
0.010999202728271484,3.000747443125306,0.0,-1.535237103515485,3.535731912479415,3
0.010999202728271484,3.000747443125306,0.0,-1.5744239569384306,3.5896725645973135,3
0.010999202728271484,3.000747443125306,0.0,-1.6142041469802622,3.6436051971294035,3
0.010999202728271484,3.000747443125306,0.0,-1.6545771153625304,3.69744371935488,3
0.010999202728271484,3.000747443125306,0.0,-1.695541336521727,3.7510983569303282,3
0.010999202728271484,3.000747443125306,0.0,-1.7370942777404292,3.804475775113394,3
0.010999202728271484,3.000747443125306,0.0,-1.7792323608163128,3.8574792354611724,3
0.010999202728271484,3.000747443125306,0.0,-1.821950925646505,3.910008787652827,3
0.010999202728271484,3.000747443125306,0.0,-1.8652441961215058,3.961961497827137,3
0.010999202728271484,3.000747443125306,0.0,-1.909105248736577,4.013231714514066,3
0.010999202728271484,3.000747443125306,0.0,-1.9535259843383739,4.0637113728744145,3
0.010999202728271484,3.000747443125306,0.0,-1.9984971034302323,4.113290337543864,3
0.010999202728271484,3.000747443125306,0.0,-2.0440080854601956,4.161856783909396,3
0.010999202728271484,3.000747443125306,0.0,-2.0900471725112166,4.209297617130838,3
0.010999202728271484,3.000747443125306,0.0,-2.1366013578024234,4.255498927663493,3
0.010999202728271484,3.000747443125306,0.0,-2.1836563793933768,4.300346481446718,3
0.010999202728271484,3.000747443125306,0.0,-2.2311967194596467,4.343726242306817,3
0.010999202728271484,3.000747443125306,0.0,-2.279205609477764,4.385524923491274,3
0.010999202728271484,3.000747443125306,0.0,-2.3276650416199804,4.4256305646177045,3
0.010999202728271484,3.000747443125306,0.0,-2.376555786615189,4.463933129698401,3
0.010999202728271484,3.000747443125306,0.0,-2.425857418281123,4.500325121304996,3
0.010999202728271484,3.000747443125306,0.0,-2.475548344875659,4.534702205383147,3
0.010999202728271484,3.000747443125306,0.0,-2.5256058473519336,4.56696384073022,3
0.010999202728271484,3.000747443125306,0.0,-2.5760061245335284,4.597013906725556,3
0.010999202728271484,3.000747443125306,0.0,-2.62672434515379,4.624761322568207,3
0.010999202728271484,3.000747443125306,0.0,-2.677734706627579,4.650120651044876,3
0.010999202728271484,3.000747443125306,0.0,-2.72901050034637,4.6730126797333575,3
0.010999202728271484,3.000747443125306,0.0,-2.7805241832094443,4.6933649725535425,3
0.010999202728271484,3.000747443125306,0.0,-2.832247455026629,4.711112384716103,3
0.010999202728271484,3.000747443125306,0.0,-2.8841513413529687,4.726197534391527,3
0.010999202728271484,3.000747443125306,0.0,-2.936206281244282,4.738571224829327,3
0.010999202728271484,3.000747443125306,0.0,-2.988382219356691,4.748192811194921,3
0.010999202728271484,3.000747443125306,0.0,-3.04064870175332,4.755030507052065,3
0.010999202728271484,3.000747443125306,0.0,-3.0929749747300836,4.759061626190266,3
0.010999202728271484,3.000747443125306,0.0,-3.1453300859295905,4.760272756364117,-3
0.010999202728271484,3.000747443125306,0.0,-3.1976829869797148,4.7586598624567555,-3
0.010999202728271484,3.000747443125306,0.0,-3.250002636871493,4.754228317581902,-3
0.010999202728271484,3.000747443125306,0.0,-3.3022581052802242,4.746992861675365,-3
0.010999202728271484,3.000747443125306,0.0,-3.3544186750346303,4.736977488173832,-3
0.010999202728271484,3.000747443125306,0.0,-3.406453942951082,4.724215260411713,-3
0.010999202728271484,3.000747443125306,0.0,-3.4583339182734822,4.708748060362373,-3
0.010999202728271484,3.000747443125306,0.0,-3.51002911799332,4.690626273285434,-3
0.010999202728271484,3.000747443125306,0.0,-3.561510658368555,4.669908412696781,-3
0.010999202728271484,3.000747443125306,0.0,-3.612750342012664,4.646660690834442,-3
0.010999202728271484,3.000747443125306,0.0,-3.6637207399858878,4.620956540437074,-3
0.010999202728271484,3.000747443125306,0.0,-3.714395268387538,4.592876094171294,-3
0.010999202728271484,3.000747443125306,0.0,-3.764748259020227,4.562505628432184,-3
0.010999202728271484,3.000747443125306,0.0,-3.814755023772378,4.529936978494711,-3
0.010999202728271484,3.000747443125306,0.0,-3.864391912442852,4.495266932112813,-3
0.010999202728271484,3.000747443125306,0.0,-3.91363636380973,4.458596608651543,-3
0.010999202728271484,3.000747443125306,0.0,-3.962466949822432,4.420030830703259,-3
0.010999202728271484,3.000747443125306,0.0,-4.010863412871728,4.3796774948912445,-3
0.010999202728271484,3.000747443125306,0.0,-4.058806696163977,4.337646948216058,-3
0.010999202728271484,3.000747443125306,0.0,-4.106278967293548,4.294051375864997,-3
0.010999202728271484,3.000747443125306,0.0,-4.153263635169775,4.249004205899022,-3
0.010999202728271484,3.000747443125306,0.0,-4.199745360511308,4.202619535669915,-3
0.010999202728271484,3.000747443125306,0.0,-4.245710060170836,4.155011584219455,-3
0.010999202728271484,3.000747443125306,0.0,-4.291144905596411,4.106294174287424,-3
0.010999202728271484,3.000747443125306,0.0,-4.336038315772221,4.056580246921107,-3
0.010999202728271484,3.000747443125306,0.0,-4.380379945010812,4.005981411049021,-3
0.010999202728271484,3.000747443125306,0.0,-4.424160665991579,3.954607529768151,-3
0.010999202728271484,3.000747443125306,0.0,-4.467372548456279,3.9025663445071683,-3
0.010999202728271484,3.000747443125306,0.0,-4.510008833981971,3.8499631376769097,-3
0.010999202728271484,3.000747443125306,0.0,-4.5520639072557,3.7969004339105203,-3
0.010999202728271484,3.000747443125306,0.0,-4.59353326427393,3.7434777395343573,-3
0.010999202728271484,3.000747443125306,0.0,-4.634413477883122,3.6897913195003733,-3
0.010999202728271484,3.000747443125306,0.0,-4.674702161067877,3.6359340106533127,-3
0.010999202728271484,3.000747443125306,0.0,1.5687820716215426,3.581995069901975,-3
0.010999202728271484,3.000747443125306,0.0,1.529679644127286,3.5280600556124413,-3
0.010999202728271484,3.000747443125306,0.0,1.4911700600725033,3.474210740340633,-3
0.010999202728271484,3.000747443125306,0.0,1.4532519447466483,3.4205250528693623,-3
0.010999202728271484,3.000747443125306,0.0,1.4159230875770255,3.367077047407723,-3
0.010999202728271484,3.000747443125306,0.0,1.3791804847998228,3.3139368977445938,-3
0.010999202728271484,3.000747443125306,0.0,1.3430203820685072,3.2611709141189893,-3
0.010999202728271484,3.000747443125306,0.0,1.3074383167619685,3.208841580573804,-3
0.010999202728271484,3.000747443125306,0.0,1.2724291597792656,3.1570076105917213,-3
0.010999202728271484,3.000747443125306,0.0,1.2379871566318008,3.1057240188685746,-3
0.010999202728271484,3.000747443125306,0.0,1.204105967666775,3.0550422071559904,-3
0.010999202728271484,3.000747443125306,0.0,1.1707787072782394,3.0050100621979547,-3
0.010999202728271484,3.000747443125306,0.0,1.1379979819829713,2.9556720638912846,-3
0.010999202728271484,3.000747443125306,0.0,1.105755927258643,2.907069401914661,-3
0.010999202728271484,3.000747443125306,0.0,1.0740442430600594,2.8592400991917812,-3
0.010999202728271484,3.000747443125306,0.0,1.0428542279468878,2.8122191406787898,-3
0.010999202728271484,3.000747443125306,0.0,1.0121768117718957,2.7660386060920388,-3
0.010999202728271484,3.000747443125306,0.0,0.9820025868934876,2.7207278053175656,-3
0.010999202728271484,3.000747443125306,0.0,0.9523218378893517,2.6763134153666157,-3
0.010999202728271484,3.000747443125306,0.0,0.9231245697599006,2.632819617860945,-3
0.010999202728271484,3.000747443125306,0.0,0.8944005346208193,2.5902682361462284,-3
0.010999202728271484,3.000747443125306,0.0,0.8661392568931432,2.548678871240939,-3
0.010999202728271484,3.000747443125306,0.0,0.8383300570076435,2.508069035930892,-3
0.010999202728271484,3.000747443125306,0.0,0.810962073647262,2.4684542864158883,-3
0.010999202728271484,3.000747443125306,0.0,0.7840242845573449,2.4298483510041966,-3
0.010999202728271484,3.000747443125306,0.0,0.7575055259585297,2.3922632554329764,-3
0.010999202728271484,3.000747443125306,0.0,0.7313945106013988,2.3557094444680917,-3
0.010999202728271484,3.000747443125306,0.0,0.7056798445054198,2.320195899505279,-3
0.010999202728271484,3.000747443125306,0.0,0.6803500424273294,2.2857302519564286,-3
0.010999202728271484,3.000747443125306,0.0,0.6553935421063577,2.252318892260131,-3
0.010999202728271484,3.000747443125306,0.0,0.6307987173349914,2.219967074404932,-3
0.010999202728271484,3.000747443125306,0.0,0.6065538899050344,2.188679015897194,-3
0.010999202728271484,3.000747443125306,0.0,0.5826473404793844,2.158457993143535,-3
0.010999202728271484,3.000747443125306,0.0,0.5590673184398667,2.129306432250844,-3
0.010999202728271484,3.000747443125306,0.0,0.5358020507613666,2.101225995275174,-3
0.010999202728271484,3.000747443125306,0.0,0.5128397499621555,2.074217661974863,-3
0.010999202728271484,3.000747443125306,0.0,0.49016862117930904,2.048281807143363,-3
0.010999202728271484,3.000747443125306,0.0,0.4677768684174821,2.0234182736137503,-3
0.010999202728271484,3.000747443125306,0.0,0.44565270001796753,1.999626441040213,-3
0.010999202728271484,3.000747443125306,0.0,0.4237843333939373,1.9769052905721969,-3
0.010999202728271484,3.000747443125306,0.0,0.4021599990763547,1.9552534655446765,-3
0.010999202728271484,3.000747443125306,0.0,0.3807679441136407,1.9346693283134766,-3
0.010999202728271484,3.000747443125306,0.0,0.3595964348667997,1.9151510133679763,-3
0.010999202728271484,3.000747443125306,0.0,0.33863375924020067,1.8966964768551267,-3
0.010999202728271484,3.000747443125306,0.0,0.31786822838677287,1.8793035426486993,-3
0.010999202728271484,3.000747443125306,0.0,0.29728817792483175,1.8629699450962978,-3
0.010999202728271484,3.000747443125306,0.0,0.27688196870242754,1.847693368574055,-3
0.010999202728271484,3.000747443125306,0.0,0.25663798714359265,1.8334714839753072,-3
0.010999202728271484,3.000747443125306,0.0,0.23654464520952834,1.820301982254963,-3
0.010999202728271484,3.000747443125306,0.0,0.21659038000650233,1.8081826051460195,-3
0.010999202728271484,3.000747443125306,0.0,0.1967636530709327,1.7971111731586649,-3
0.010999202728271484,3.000747443125306,0.0,0.1770529493609465,1.7870856109659399,-3
0.010999202728271484,3.000747443125306,0.0,0.15744677598264678,1.7781039702729307,-3
0.010999202728271484,3.000747443125306,0.0,0.1379336606782835,1.7701644502591247,-3
0.010999202728271484,3.000747443125306,0.0,0.11850215010254095,1.763265415675881,-3
0.010999202728271484,3.000747443125306,0.0,0.09914080791227553,1.757405412673036,-3
0.010999202728271484,3.000747443125306,0.0,0.07983821269440616,1.752583182420529,-3
0.010999202728271484,3.000747443125306,0.0,0.06058295575579953,1.7487976725826064,-3
0.010999202728271484,3.000747443125306,0.0,0.04136363879857319,1.746048046693733,-1.3387601837004937
0.010999202728271484,3.000747443125306,0.0,0.022168871503582377,1.7443336914767673,0.5663724588230679
0.010999202728271484,3.000747443125306,0.0,0.002987269044564922,1.7436542221353442,2.4572898502788227
0.010999202728271484,3.000747443125306,0.0,-0.016192550444833476,1.7440094856437018,3
0.010999202728271484,3.000747443125306,0.0,-0.03538196842932573,1.7453995620484732,3
0.010999202728271484,3.000747443125306,0.0,-0.054592368533678215,1.7478247637881863,3
0.010999202728271484,3.000747443125306,0.0,-0.07383513908593864,1.751285633027477,3
0.010999202728271484,3.000747443125306,0.0,-0.09312167562044715,1.7557829369942297,3
0.010999202728271484,3.000747443125306,0.0,-0.11246338331845829,1.7613176612991477,3
0.010999202728271484,3.000747443125306,0.0,-0.13187167936405553,1.7678910012085267,3
0.010999202728271484,3.000747443125306,0.0,-0.15135799519264959,1.7755043508323674,3
0.010999202728271484,3.000747443125306,0.0,-0.17093377860887182,1.784159290181372,3
0.010999202728271484,3.000747443125306,0.0,-0.19061049575016265,1.793857570037898,3
0.010999202728271484,3.000747443125306,0.0,-0.21039963287160512,1.8046010945775726,3
0.010999202728271484,3.000747443125306,0.0,-0.23031269792693942,1.8163919016700805,3
0.010999202728271484,3.000747443125306,0.0,-0.25036122191979127,1.829232140779627,3
0.010999202728271484,3.000747443125306,0.0,-0.27055675999819195,1.8431240483778286,3
0.010999202728271484,3.000747443125306,0.0,-0.2909108922645509,1.858069920774306,3
0.010999202728271484,3.000747443125306,0.0,-0.3114352242721439,1.874072084263175,3
0.010999202728271484,3.000747443125306,0.0,-0.33214138717797903,1.8911328624769448,3
0.010999202728271484,3.000747443125306,0.0,-0.35304103752067073,1.9092545408332129,3
0.010999202728271484,3.000747443125306,0.0,-0.37414585659074584,1.928439327953992,3
0.010999202728271484,3.000747443125306,0.0,-0.39546754935935136,1.9486893139327326,3
0.010999202728271484,3.000747443125306,0.0,-0.41701784293002797,1.9700064253201495,3
0.010999202728271484,3.000747443125306,0.0,-0.4388084844766973,1.9923923766970109,3
0.010999202728271484,3.000747443125306,0.0,-0.46085123862961064,2.015848618700271,3
0.010999202728271484,3.000747443125306,0.0,-0.4831578842695188,2.0403762823684546,3
0.010999202728271484,3.000747443125306,0.0,-0.5057402106888085,2.0659761196732833,3
0.010999202728271484,3.000747443125306,0.0,-0.5286100130769413,2.0926484401073275,3
0.010999202728271484,3.000747443125306,0.0,-0.55177908728623,2.120393043202285,3
0.010999202728271484,3.000747443125306,0.0,-0.5752592238323246,2.149209146859484,3
0.010999202728271484,3.000747443125306,0.0,-0.5990622010829534,2.1790953113837896,3
0.010999202728271484,3.000747443125306,0.0,-0.6231997775869211,2.210049359124391,3
0.010999202728271484,3.000747443125306,0.0,-0.6476836834948032,2.242068289641495,3
0.010999202728271484,3.000747443125306,0.0,-0.6725256110215079,2.2751481903368433,3
0.010999202728271484,3.000747443125306,0.0,-0.6977372039008167,2.309284142508768,3
0.010999202728271484,3.000747443125306,0.0,-0.723330045781291,2.344470122819448,3
0.010999202728271484,3.000747443125306,0.0,-0.7493156475132943,2.3806989001935137,3
0.010999202728271484,3.000747443125306,0.0,-0.7757054332770807,2.4179619282036025,3
0.010999202728271484,3.000747443125306,0.0,-0.8025107255027621,2.4562492330402077,3
0.010999202728271484,3.000747443125306,0.0,-0.8297427285345038,2.4955492972105846,3
0.010999202728271484,3.000747443125306,0.0,-0.8574125109927508,2.5358489391649095,3
0.010999202728271484,3.000747443125306,0.0,-0.8855309867913292,2.5771331891076703,3
0.010999202728271484,3.000747443125306,0.0,-0.9141088947689711,2.6193851613186383,3
0.010999202728271484,3.000747443125306,0.0,-0.9431567768990612,2.6625859233809592,3
0.010999202728271484,3.000747443125306,0.0,-0.9726849550462142,2.7067143627940675,3
0.010999202728271484,3.000747443125306,0.0,-1.002703506243782,2.7517470515362588,3
0.010999202728271484,3.000747443125306,0.0,-1.0332222364734052,2.7976581092358552,3
0.010999202728271484,3.000747443125306,0.0,-1.064250652935359,2.8444190657106736,3
0.010999202728271484,3.000747443125306,0.0,-1.0957979348073565,2.8919987237426814,3
0.010999202728271484,3.000747443125306,0.0,-1.1278729024997625,2.9403630230676505,3
0.010999202728271484,3.000747443125306,0.0,-1.1604839854264228,2.9894749066776196,3
0.010999202728271484,3.000747443125306,0.0,-1.1936391883232376,3.0392941906559328,3
0.010999202728271484,3.000747443125306,0.0,-1.227346056160544,3.089777438889394,3
0.010999202728271484,3.000747443125306,0.0,-1.261611637710916,3.1408778441279708,3
0.010999202728271484,3.000747443125306,0.0,-1.2964424478509806,3.1925451169877297,3
0.010999202728271484,3.000747443125306,0.0,-1.3318444286937727,3.2447253846150135,3
0.010999202728271484,3.000747443125306,0.0,-1.3678229096680519,3.297361100846795,3
0.010999202728271484,3.000747443125306,0.0,-1.404382566681504,3.3503909698107557,3
0.010999202728271484,3.000747443125306,0.0,-1.4415273805269018,3.4037498850057424,3
0.010999202728271484,3.000747443125306,0.0,-1.4792605947129922,3.457368885985321,3
0.010999202728271484,3.000747443125306,0.0,-1.5175846729257985,3.5111751348303315,3
0.010999202728271484,3.000747443125306,0.0,-1.5565012563501406,3.565091914636691,3
0.010999202728271484,3.000747443125306,0.0,-1.5960111211059371,3.6190386522578097,3
0.010999202728271484,3.000747443125306,0.0,-1.6361141360782114,3.6729309675227664,3
0.010999202728271484,3.000747443125306,0.0,-1.6768092214440586,3.726680751097318,3
0.010999202728271484,3.000747443125306,0.0,-1.7180943082231388,3.7801962730608833,3
0.010999202728271484,3.000747443125306,0.0,-1.7599662992002885,3.833382324134861,3
0.010999202728271484,3.000747443125306,0.0,-1.8024210315892604,3.886140391312592,3
0.010999202728271484,3.000747443125306,0.0,-1.8454532418245102,3.9383688694060557,3
0.010999202728271484,3.000747443125306,0.0,-1.8890565328831195,3.989963309736983,3
0.010999202728271484,3.000747443125306,0.0,-1.9332233445506923,4.040816706859372,3
0.010999202728271484,3.000747443125306,0.0,-1.9779449270525284,4.090819823806499,3
0.010999202728271484,3.000747443125306,0.0,-2.0232113184746248,4.139861555909858,3
0.010999202728271484,3.000747443125306,0.0,-2.069011326396629,4.1878293327430605,3
0.010999202728271484,3.000747443125306,0.0,-2.1153325141513464,4.234609557205025,3
0.010999202728271484,3.000747443125306,0.0,-2.162161192111095,4.280088080180449,3
0.010999202728271484,3.000747443125306,0.0,-2.209482414380981,4.324150708609249,3
0.010999202728271484,3.000747443125306,0.0,-2.2572799812516906,4.366683744170772,3
0.010999202728271484,3.000747443125306,0.0,-2.305536447730335,4.407574549154323,3
0.010999202728271484,3.000747443125306,0.0,-2.354233138426564,4.44671213545815,3
0.010999202728271484,3.000747443125306,0.0,-2.403350169023265,4.483987772048943,3
0.010999202728271484,3.000747443125306,0.0,-2.4528664745065023,4.5192956056382325,3
0.010999202728271484,3.000747443125306,0.0,-2.502759844268804,4.5525332888069086,3
0.010999202728271484,3.000747443125306,0.0,-2.553006964133973,4.583602609350236,3
0.010999202728271484,3.000747443125306,0.0,-2.6035834652806416,4.612410114238833,3
0.010999202728271484,3.000747443125306,0.0,-2.654463979967782,4.63886772131058,3
0.010999202728271484,3.000747443125306,0.0,-2.7056222038886184,4.662893311637363,3
0.010999202728271484,3.000747443125306,0.0,-2.757030964901022,4.68441129545971,3
0.010999202728271484,3.000747443125306,0.0,-2.80866229780518,4.7033531446599595,3
0.010999202728271484,3.000747443125306,0.0,-2.860487524762475,4.7196578849557,3
0.010999202728271484,3.000747443125306,0.0,-2.9124773408767397,4.733272541341235,3
0.010999202728271484,3.000747443125306,0.0,-2.964601904390103,4.7441525307838495,3
0.010999202728271484,3.000747443125306,0.0,-3.0168309308830303,4.752261996787288,3
0.010999202728271484,3.000747443125306,0.0,-3.0691337908128973,4.757574081157467,3
0.010999202728271484,3.000747443125306,0.0,-3.121479609678284,4.7600711291312585,3
0.010999202728271484,3.000747443125306,0.0,-3.1738373700592377,4.759744824941548,-3
0.010999202728271484,3.000747443125306,0.0,-3.2261760147566556,4.756596255870683,-3
0.010999202728271484,3.000747443125306,0.0,-3.278464550238193,4.750635903868246,-3
0.010999202728271484,3.000747443125306,0.0,-3.3306721495936835,4.741883564854242,-3
0.010999202728271484,3.000747443125306,0.0,-3.3827682542101685,4.730368196871063,-3
0.010999202728271484,3.000747443125306,0.0,-3.4347226733949037,4.716127699263093,-3
0.010999202728271484,3.000747443125306,0.0,-3.4865056812042625,4.699208626028298,-3
0.010999202728271484,3.000747443125306,0.0,-3.5380881097758334,4.679665837380073,-3
0.010999202728271484,3.000747443125306,0.0,-3.5894414385100917,4.6575620943610385,-3
0.010999202728271484,3.000747443125306,0.0,-3.6405378785050346,4.632967602047109,-3
0.010999202728271484,3.000747443125306,0.0,-3.6913504517115947,4.605959507457297,-3
0.010999202728271484,3.000747443125306,0.0,-3.741853064347288,4.57662135873338,-3
0.010999202728271484,3.000747443125306,0.0,-3.792020574179754,4.545042532468465,-3
0.010999202728271484,3.000747443125306,0.0,-3.8418288513685988,4.511317636243483,-3
0.010999202728271484,3.000747443125306,0.0,-3.891254832631836,4.475545893477924,-3
0.010999202728271484,3.000747443125306,0.0,-3.9402765685813024,4.4378305176217685,-3
0.010999202728271484,3.000747443125306,0.0,-3.988873264147499,4.398278082518052,-3
0.010999202728271484,3.000747443125306,0.0,-4.0370253120880175,4.3569978954616015,-3
0.010999202728271484,3.000747443125306,0.0,-4.084714319643238,4.314101379082258,-3
0.010999202728271484,3.000747443125306,0.0,-4.131923128468001,4.269701467705336,-3
0.010999202728271484,3.000747443125306,0.0,-4.178635828026996,4.223912023303816,-3
0.010999202728271484,3.000747443125306,0.0,-4.224837762695044,4.176847275571759,-3
0.010999202728271484,3.000747443125306,0.0,-4.270515532849393,4.128621290032501,-3
0.010999202728271484,3.000747443125306,0.0,-4.315656990281246,4.079347467463498,-3
0.010999202728271484,3.000747443125306,0.0,-4.360251228286058,4.029138077286222,-3
0.010999202728271484,3.000747443125306,0.0,-4.404288566817796,3.9781038269471343,-3
0.010999202728271484,3.000747443125306,0.0,-4.447760533111483,3.9263534687156754,-3
0.010999202728271484,3.000747443125306,0.0,-4.490659838190874,3.87399344475681,-3
0.010999202728271484,3.000747443125306,0.0,-4.5329803496843635,3.8211275708067376,-3
0.010999202728271484,3.000747443125306,0.0,-4.574717061373404,3.767856758296908,-3
0.010999202728271484,3.000747443125306,0.0,-4.61586605989349,3.714278774337555,-3
0.010999202728271484,3.000747443125306,0.0,-4.6564244889989315,3.660488038590294,-3
0.010999202728271484,3.000747443125306,0.0,-4.696390511790602,3.6065754557309853,-3
0.010999202728271484,3.000747443125306,0.0,1.547416728710615,3.552628281928831,-3
0.010999202728271484,3.000747443125306,0.0,1.5086371502799731,3.4987300235442986,-3
0.010999202728271484,3.000747443125306,0.0,1.470449773151127,3.4449603660745716,-3
0.010999202728271484,3.000747443125306,0.0,1.4328527623031628,3.391395131247946,-3
0.010999202728271484,3.000747443125306,0.0,1.395843470074705,3.3381062600841864,-3
0.010999202728271484,3.000747443125306,0.0,1.3594184788318198,3.285161819692485,-3
0.010999202728271484,3.000747443125306,0.0,1.323573643440827,3.2326260315680324,-3
0.010999202728271484,3.000747443125306,0.0,1.288304133321883,3.18055931916805,-3
0.010999202728271484,3.000747443125306,0.0,1.2536044738831964,3.129018372594061,-3
0.010999202728271484,3.000747443125306,0.0,1.2194685871595001,3.0780562282751434,-3
0.010999202728271484,3.000747443125306,0.0,1.1858898315007447,3.027722361632726,-3
0.010999202728271484,3.000747443125306,0.0,1.152861040179182,2.9780627908075794,-3
0.010999202728271484,3.000747443125306,0.0,1.120374558802911,2.9291201896404657,-3
0.010999202728271484,3.000747443125306,0.0,1.0884222814437403,2.8809340082163057,-3
0.010999202728271484,3.000747443125306,0.0,1.0569956854047535,2.8335405994049547,-3
0.010999202728271484,3.000747443125306,0.0,1.0260858645698039,2.7869733499572535,-3
0.010999202728271484,3.000747443125306,0.0,0.9956835612920041,2.7412628148408227,-3
0.010999202728271484,3.000747443125306,0.0,0.9657791967923823,2.6964368536242853,-3
0.010999202728271484,3.000747443125306,0.0,0.9363629000521381,2.65252076783979,-3
0.010999202728271484,3.000747443125306,0.0,0.9074245351930474,2.609537438370583,-3
0.010999202728271484,3.000747443125306,0.0,0.8789537273504879,2.5675074620220526,-3
0.010999202728271484,3.000747443125306,0.0,0.850939887052188,2.5264492865404007,-3
0.010999202728271484,3.000747443125306,0.0,0.8233722331234428,2.486379343442352,-3
0.010999202728271484,3.000747443125306,0.0,0.7962398141458098,2.447312178111821,-3
0.010999202728271484,3.000747443125306,0.0,0.7695315285020778,2.409260576704985,-3
0.010999202728271484,3.000747443125306,0.0,0.7432361430446615,2.372235689483736,-3
0.010999202728271484,3.000747443125306,0.0,0.7173423104285521,2.3362471502691116,-3
0.010999202728271484,3.000747443125306,0.0,0.6918385851528543,2.301303191771101,-3
0.010999202728271484,3.000747443125306,0.0,0.6667134383573159,2.2674107566095496,-3
0.010999202728271484,3.000747443125306,0.0,0.6419552714221015,2.234575603892847,-3
0.010999202728271484,3.000747443125306,0.0,0.6175524284200544,2.202802411267228,-3
0.010999202728271484,3.000747443125306,0.0,0.5934932074717056,2.1720948723899363,-3
0.010999202728271484,3.000747443125306,0.0,0.5697658710533875,2.1424557898148175,-3
0.010999202728271484,3.000747443125306,0.0,0.5463586553087754,2.1138871633092875,-3
0.010999202728271484,3.000747443125306,0.0,0.5232597784140185,2.0863902736475994,-3
0.010999202728271484,3.000747443125306,0.0,0.5004574480457431,2.059965761947168,-3
0.010999202728271484,3.000747443125306,0.0,0.47793986800054666,2.034613704632827,-3
0.010999202728271484,3.000747443125306,0.0,0.45569524401360395,2.0103336841286406,-3
0.010999202728271484,3.000747443125306,0.0,0.43371178882260564,1.9871248553885483,-3
0.010999202728271484,3.000747443125306,0.0,0.41197772652230524,1.9649860083860695,-3
0.010999202728271484,3.000747443125306,0.0,0.39048129625344385,1.943915626689777,-3
0.010999202728271484,3.000747443125306,0.0,0.3692107552681594,1.9239119422555577,-3
0.010999202728271484,3.000747443125306,0.0,0.34815438141305277,1.9049729865690757,-3
0.010999202728271484,3.000747443125306,0.0,0.32730047506911886,1.8870966382725438,-3
0.010999202728271484,3.000747443125306,0.0,0.3066373605865844,1.8702806674091257,-3
0.010999202728271484,3.000747443125306,0.0,0.28615338725102957,1.8545227764162233,-3
0.010999202728271484,3.000747443125306,0.0,0.26583692981597506,1.839820637995711,-3
0.010999202728271484,3.000747443125306,0.0,0.24567638863549446,1.8261719299850239,-3
0.010999202728271484,3.000747443125306,0.0,0.22566018942922694,1.8135743673480356,-3
0.010999202728271484,3.000747443125306,0.0,0.20577678271081323,1.8020257313989825,-3
0.010999202728271484,3.000747443125306,0.0,0.1860146429096612,1.7915238963664124,-3
0.010999202728271484,3.000747443125306,0.0,0.16636226721463698,1.7820668533973731,-3
0.010999202728271484,3.000747443125306,0.0,0.14680817416741432,1.7736527320948592,-3
0.010999202728271484,3.000747443125306,0.0,0.12734090203210213,1.7662798196740028,-3
0.010999202728271484,3.000747443125306,0.0,0.10794900696688314,1.7599465778146757,-3
0.010999202728271484,3.000747443125306,0.0,0.08862106102263168,1.7546516572801079,-3
0.010999202728271484,3.000747443125306,0.0,0.06934564999277937,1.7503939103629091,-3
0.010999202728271484,3.000747443125306,0.0,0.050111371137933514,1.7471724012114604,-2.211265408541987
0.010999202728271484,3.000747443125306,0.0,0.03090683080837975,1.7449864140811604,-0.29930203167841185
0.010999202728271484,3.000747443125306,0.0,0.011720641987099878,1.7438354595464003,1.5979606750808415
0.010999202728271484,3.000747443125306,0.0,-0.007458578224487145,1.7437192787004756,3
0.010999202728271484,3.000747443125306,0.0,-0.026642211155995188,1.7446378453619322,3
0.010999202728271484,3.000747443125306,0.0,-0.045841639130874245,1.7465913662970907,3
0.010999202728271484,3.000747443125306,0.0,-0.0650682480207796,1.7495802794597337,3
0.010999202728271484,3.000747443125306,0.0,-0.08433342976965408,1.7536052502401804,3
0.010999202728271484,3.000747443125306,0.0,-0.1036485848654718,1.7586671657072086,3
0.010999202728271484,3.000747443125306,0.0,-0.12302512473759508,1.7647671268175742,3
0.010999202728271484,3.000747443125306,0.0,-0.14247447405701807,1.7719064385591896,3
0.010999202728271484,3.000747443125306,0.0,-0.1620080729166955,1.780086597985413,3
0.010999202728271484,3.000747443125306,0.0,-0.18163737886842357,1.789309280089364,3
0.010999202728271484,3.000747443125306,0.0,-0.2013738687921678,1.7995763214587652,3
0.010999202728271484,3.000747443125306,0.0,-0.22122904057312853,1.8108897016435375,3
0.010999202728271484,3.000747443125306,0.0,-0.2412144145609365,1.8232515221602672,3
0.010999202728271484,3.000747443125306,0.0,-0.26134153478451383,1.836663983049798,3
0.010999202728271484,3.000747443125306,0.0,-0.2816219698952378,1.8511293568965892,3
0.010999202728271484,3.000747443125306,0.0,-0.30206731380991814,1.8666499602112094,3
0.010999202728271484,3.000747443125306,0.0,-0.32268918602403973,1.8832281220704667,3
0.010999202728271484,3.000747443125306,0.0,-0.34349923156444406,1.9008661499032753,3
0.010999202728271484,3.000747443125306,0.0,-0.36450912054947127,1.9195662923045498,3
0.010999202728271484,3.000747443125306,0.0,-0.3857305473231887,1.9393306987542618,3
0.010999202728271484,3.000747443125306,0.0,-0.407175229128939,1.9601613761144534,3
0.010999202728271484,3.000747443125306,0.0,-0.4288549042860592,1.98206014177358,3
0.010999202728271484,3.000747443125306,0.0,-0.4507813298322181,2.0050285733052187,3
0.010999202728271484,3.000747443125306,0.0,-0.4729662785922142,2.0290679545070875,3
0.010999202728271484,3.000747443125306,0.0,-0.49542153563276203,2.054179217686672,3
0.010999202728271484,3.000747443125306,0.0,-0.5181588940611737,2.0803628820617317,3
0.010999202728271484,3.000747443125306,0.0,-0.5411901501245784,2.1076189881478475,3
0.010999202728271484,3.000747443125306,0.0,-0.5645270975648029,2.1359470280111053,3
0.010999202728271484,3.000747443125306,0.0,-0.588181521182833,2.165345871272415,3
0.010999202728271484,3.000747443125306,0.0,-0.6121651895655345,2.195813686760961,3
0.010999202728271484,3.000747443125306,0.0,-0.6364898469262816,2.227347859728321,3
0.010999202728271484,3.000747443125306,0.0,-0.6611672040102659,2.2599449045521065,3
0.010999202728271484,3.000747443125306,0.0,-0.6862089280145587,2.293600372878967,3
0.010999202728271484,3.000747443125306,0.0,-0.7116266314726016,2.3283087571817833,3
0.010999202728271484,3.000747443125306,0.0,-0.7374318600527308,2.3640633897352767,3
0.010999202728271484,3.000747443125306,0.0,-0.7636360792203978,2.400856337048385,3
0.010999202728271484,3.000747443125306,0.0,-0.7902506597146695,2.4386782898310493,3
0.010999202728271484,3.000747443125306,0.0,-0.8172868617903579,2.4775184486178428,3
0.010999202728271484,3.000747443125306,0.0,-0.8447558181790531,2.5173644052215254,3
0.010999202728271484,3.000747443125306,0.0,-0.8726685157242717,2.5582020202464624,3
0.010999202728271484,3.000747443125306,0.0,-0.9010357756490142,2.600015296955172,3
0.010999202728271484,3.000747443125306,0.0,-0.9298682324175691,2.642786251851358,3
0.010999202728271484,3.000747443125306,0.0,-0.959176311157727,2.6864947824197127,3
0.010999202728271484,3.000747443125306,0.0,-0.9889702036149548,2.731118532546781,3
0.010999202728271484,3.000747443125306,0.0,-1.0192598426163682,2.776632756238084,3
0.010999202728271484,3.000747443125306,0.0,-1.0500548750295349,2.823010180344491,3
0.010999202728271484,3.000747443125306,0.0,-1.0813646332096458,2.8702208671151226,3
0.010999202728271484,3.000747443125306,0.0,-1.113198104938132,2.9182320775044923,3
0.010999202728271484,3.000747443125306,0.0,-1.1455639018666166,2.9670081362773404,3
0.010999202728271484,3.000747443125306,0.0,-1.1784702264923514,3.016510300074964,3
0.010999202728271484,3.000747443125306,0.0,-1.2119248377046223,3.066696629730462,3
0.010999202728271484,3.000747443125306,0.0,-1.2459350149564519,3.117521868245958,3
0.010999202728271484,3.000747443125306,0.0,-1.2805075211324,3.168937325970614,3
0.010999202728271484,3.000747443125306,0.0,-1.3156485642005262,3.220890774642235,3
0.010999202728271484,3.000747443125306,0.0,-1.35136375775576,3.2733263520749647,3
0.010999202728271484,3.000747443125306,0.0,-1.3876580805821743,3.326184479388373,3
0.010999202728271484,3.000747443125306,0.0,-1.4245358353828874,3.37940179277598,3
0.010999202728271484,3.000747443125306,0.0,-1.4620006068490174,3.4329110919006482,3
0.010999202728271484,3.000747443125306,0.0,-1.5000552192623435,3.486641307076558,3
0.010999202728271484,3.000747443125306,0.0,-1.5387016938504137,3.540517487448732,3
0.010999202728271484,3.000747443125306,0.0,-1.5779412061374605,3.5944608124071356,3
0.010999202728271484,3.000747443125306,0.0,-1.6177740435588217,3.648388628468989,3
0.010999202728271484,3.000747443125306,0.0,-1.6581995636312752,3.702214513825682,3
0.010999202728271484,3.000747443125306,0.0,-1.6992161529952274,3.7558483726754663,3
0.010999202728271484,3.000747443125306,0.0,-1.7408211876675748,3.8091965613457113,3
0.010999202728271484,3.000747443125306,0.0,-1.783010994865187,3.8621620480454184,3
0.010999202728271484,3.000747443125306,0.0,-1.8257808167780465,3.914644607876618,3
0.010999202728271484,3.000747443125306,0.0,-1.8691247766877308,3.96654105446986,3
0.010999202728271484,3.000747443125306,0.0,-1.9130358478400429,4.017745509292637,3
0.010999202728271484,3.000747443125306,0.0,-1.9575058254903017,4.068149709309843,3
0.010999202728271484,3.000747443125306,0.0,-2.0025253025449854,4.11764335325302,3
0.010999202728271484,3.000747443125306,0.0,-2.0480836492236354,4.166114486282472,3
0.010999202728271484,3.000747443125306,0.0,-2.0941689971597275,4.213449922307157,3
0.010999202728271484,3.000747443125306,0.0,-2.1407682283481795,4.259535702667141,3
0.010999202728271484,3.000747443125306,0.0,-2.1878669693295234,4.304257589289635,3
0.010999202728271484,3.000747443125306,0.0,-2.2354495909768777,4.347501589811373,3
0.010999202728271484,3.000747443125306,0.0,-2.283499214220417,4.389154511528035,3
0.010999202728271484,3.000747443125306,0.0,-2.33199772200641,4.429104540398162,3
0.010999202728271484,3.000747443125306,0.0,-2.3809257777427075,4.4672418407082555,3
0.010999202728271484,3.000747443125306,0.0,-2.4302628504310992,4.503459170412397,3
0.010999202728271484,3.000747443125306,0.0,-2.4799872466288915,4.5376525066096765,3
0.010999202728271484,3.000747443125306,0.0,-2.5300761493185573,4.569721675131578,3
0.010999202728271484,3.000747443125306,0.0,-2.5805056636955084,4.599570977795422,3
0.010999202728271484,3.000747443125306,0.0,-2.631250869811393,4.627109810553812,3
0.010999202728271484,3.000747443125306,0.0,-2.6822858819344053,4.652253265547592,3
0.010999202728271484,3.000747443125306,0.0,-2.7335839144106235,4.674922709963048,3
0.010999202728271484,3.000747443125306,0.0,-2.7851173537322045,4.695046334612336,3
0.010999202728271484,3.000747443125306,0.0,-2.8368578364410486,4.712559665305921,3
0.010999202728271484,3.000747443125306,0.0,-2.888776332421877,4.72740603037047,3
0.010999202728271484,3.000747443125306,0.0,-2.940843233067643,4.739536978084511,3
0.010999202728271484,3.000747443125306,0.0,-2.9930284437346057,4.748912638353181,3
0.010999202728271484,3.000747443125306,0.0,-3.04530147984551,4.755502023614111,3
0.010999202728271484,3.000747443125306,0.0,-3.097631565948554,4.759283264747238,3
0.010999202728271484,3.000747443125306,0.0,-3.1499877369979115,4.760243778636529,-3
0.010999202728271484,3.000747443125306,0.0,-3.202338941089885,4.758380364982783,-3
0.010999202728271484,3.000747443125306,0.0,-3.2546541428680205,4.753699230972915,-3
0.010999202728271484,3.000747443125306,0.0,-3.306902426800676,4.7462159434494815,-3
0.010999202728271484,3.000747443125306,0.0,-3.3590530995364323,4.735955309270823,-3
0.010999202728271484,3.000747443125306,0.0,-3.4110757905561546,4.7229511855828425,-3
0.010999202728271484,3.000747443125306,0.0,-3.4629405503646713,4.707246222714499,-3
0.010999202728271484,3.000747443125306,0.0,-3.5146179455003197,4.68889154333811,-3
0.010999202728271484,3.000747443125306,0.0,-3.566079149685273,4.667946362382485,-3
0.010999202728271484,3.000747443125306,0.0,-3.6172960304930197,4.644477552933895,-3
0.010999202728271484,3.000747443125306,0.0,-3.668241230970825,4.618559163992914,-3
0.010999202728271484,3.000747443125306,0.0,-3.718888245722113,4.590271896463154,-3
0.010999202728271484,3.000747443125306,0.0,-3.769211491026397,4.5597025441242405,-3
0.010999202728271484,3.000747443125306,0.0,-3.819186368649764,4.526943406582682,-3
0.010999202728271484,3.000747443125306,0.0,-3.8687893230767583,4.492091681301592,-3
0.010999202728271484,3.000747443125306,0.0,-3.917997891972601,4.455248841787562,-3
0.010999202728271484,3.000747443125306,0.0,-3.9667907497616857,4.4165200088681,-3
0.010999202728271484,3.000747443125306,0.0,-4.015147744283514,4.376013321736029,-3
0.010999202728271484,3.000747443125306,0.0,-4.063049926558467,4.333839315080782,-3
0.010999202728271484,3.000747443125306,0.0,-4.110479573763232,4.29011030818476,-3
0.010999202728271484,3.000747443125306,0.0,-4.157420205577456,4.24493981135124,-3
0.010999202728271484,3.000747443125306,0.0,-4.203856594119216,4.1984419544646485,-3
